2025/12/10-21:41:14.989196 1b7c RocksDB version: 8.1.1
2025/12/10-21:41:14.989876 1b7c Compile date 2023-04-06 16:38:52
2025/12/10-21:41:14.989901 1b7c DB SUMMARY
2025/12/10-21:41:14.989914 1b7c DB Session ID:  K9YSH2XP9YWDT77J0F3J
2025/12/10-21:41:14.990888 1b7c CURRENT file:  CURRENT
2025/12/10-21:41:14.990918 1b7c IDENTITY file:  IDENTITY
2025/12/10-21:41:14.991029 1b7c MANIFEST file:  MANIFEST-000033 size: 421 Bytes
2025/12/10-21:41:14.991052 1b7c SST files in compass_db dir, Total Num: 2, files: 000028.sst 000031.sst 
2025/12/10-21:41:14.991070 1b7c Write Ahead Log file in compass_db: 000032.log size: 197761 ; 
2025/12/10-21:41:14.991084 1b7c                         Options.error_if_exists: 0
2025/12/10-21:41:14.991096 1b7c                       Options.create_if_missing: 1
2025/12/10-21:41:14.993535 1b7c                         Options.paranoid_checks: 1
2025/12/10-21:41:14.993548 1b7c             Options.flush_verify_memtable_count: 1
2025/12/10-21:41:14.993553 1b7c                               Options.track_and_verify_wals_in_manifest: 0
2025/12/10-21:41:14.993557 1b7c        Options.verify_sst_unique_id_in_manifest: 1
2025/12/10-21:41:14.993561 1b7c                                     Options.env: 0000022C5BD1D120
2025/12/10-21:41:14.993565 1b7c                                      Options.fs: WinFS
2025/12/10-21:41:14.993570 1b7c                                Options.info_log: 0000022C5BD1A550
2025/12/10-21:41:14.993573 1b7c                Options.max_file_opening_threads: 16
2025/12/10-21:41:14.993577 1b7c                              Options.statistics: 0000000000000000
2025/12/10-21:41:14.993581 1b7c                               Options.use_fsync: 0
2025/12/10-21:41:14.993585 1b7c                       Options.max_log_file_size: 0
2025/12/10-21:41:14.993589 1b7c                  Options.max_manifest_file_size: 1073741824
2025/12/10-21:41:14.993593 1b7c                   Options.log_file_time_to_roll: 0
2025/12/10-21:41:14.993596 1b7c                       Options.keep_log_file_num: 1000
2025/12/10-21:41:14.993600 1b7c                    Options.recycle_log_file_num: 0
2025/12/10-21:41:14.993604 1b7c                         Options.allow_fallocate: 1
2025/12/10-21:41:14.993608 1b7c                        Options.allow_mmap_reads: 0
2025/12/10-21:41:14.993612 1b7c                       Options.allow_mmap_writes: 0
2025/12/10-21:41:14.993616 1b7c                        Options.use_direct_reads: 0
2025/12/10-21:41:14.993620 1b7c                        Options.use_direct_io_for_flush_and_compaction: 0
2025/12/10-21:41:14.993624 1b7c          Options.create_missing_column_families: 0
2025/12/10-21:41:14.993627 1b7c                              Options.db_log_dir: 
2025/12/10-21:41:14.993632 1b7c                                 Options.wal_dir: 
2025/12/10-21:41:14.993636 1b7c                Options.table_cache_numshardbits: 6
2025/12/10-21:41:14.993639 1b7c                         Options.WAL_ttl_seconds: 0
2025/12/10-21:41:14.993643 1b7c                       Options.WAL_size_limit_MB: 0
2025/12/10-21:41:14.993647 1b7c                        Options.max_write_batch_group_size_bytes: 1048576
2025/12/10-21:41:14.993651 1b7c             Options.manifest_preallocation_size: 4194304
2025/12/10-21:41:14.993654 1b7c                     Options.is_fd_close_on_exec: 1
2025/12/10-21:41:14.993658 1b7c                   Options.advise_random_on_open: 1
2025/12/10-21:41:14.993662 1b7c                    Options.db_write_buffer_size: 0
2025/12/10-21:41:14.993666 1b7c                    Options.write_buffer_manager: 0000022C5BD22930
2025/12/10-21:41:14.993670 1b7c         Options.access_hint_on_compaction_start: 1
2025/12/10-21:41:14.993673 1b7c           Options.random_access_max_buffer_size: 1048576
2025/12/10-21:41:14.993677 1b7c                      Options.use_adaptive_mutex: 0
2025/12/10-21:41:14.993681 1b7c                            Options.rate_limiter: 0000000000000000
2025/12/10-21:41:14.993686 1b7c     Options.sst_file_manager.rate_bytes_per_sec: 0
2025/12/10-21:41:14.993689 1b7c                       Options.wal_recovery_mode: 2
2025/12/10-21:41:14.993723 1b7c                  Options.enable_thread_tracking: 0
2025/12/10-21:41:14.993730 1b7c                  Options.enable_pipelined_write: 0
2025/12/10-21:41:14.993734 1b7c                  Options.unordered_write: 0
2025/12/10-21:41:14.993738 1b7c         Options.allow_concurrent_memtable_write: 1
2025/12/10-21:41:14.993741 1b7c      Options.enable_write_thread_adaptive_yield: 1
2025/12/10-21:41:14.993745 1b7c             Options.write_thread_max_yield_usec: 100
2025/12/10-21:41:14.993749 1b7c            Options.write_thread_slow_yield_usec: 3
2025/12/10-21:41:14.993753 1b7c                               Options.row_cache: None
2025/12/10-21:41:14.993756 1b7c                              Options.wal_filter: None
2025/12/10-21:41:14.993760 1b7c             Options.avoid_flush_during_recovery: 0
2025/12/10-21:41:14.993764 1b7c             Options.allow_ingest_behind: 0
2025/12/10-21:41:14.993767 1b7c             Options.two_write_queues: 0
2025/12/10-21:41:14.993771 1b7c             Options.manual_wal_flush: 0
2025/12/10-21:41:14.993775 1b7c             Options.wal_compression: 0
2025/12/10-21:41:14.993778 1b7c             Options.atomic_flush: 0
2025/12/10-21:41:14.993782 1b7c             Options.avoid_unnecessary_blocking_io: 0
2025/12/10-21:41:14.993785 1b7c                 Options.persist_stats_to_disk: 0
2025/12/10-21:41:14.993789 1b7c                 Options.write_dbid_to_manifest: 0
2025/12/10-21:41:14.993793 1b7c                 Options.log_readahead_size: 0
2025/12/10-21:41:14.993800 1b7c                 Options.file_checksum_gen_factory: Unknown
2025/12/10-21:41:14.993804 1b7c                 Options.best_efforts_recovery: 0
2025/12/10-21:41:14.993808 1b7c                Options.max_bgerror_resume_count: 2147483647
2025/12/10-21:41:14.993812 1b7c            Options.bgerror_resume_retry_interval: 1000000
2025/12/10-21:41:14.993816 1b7c             Options.allow_data_in_errors: 0
2025/12/10-21:41:14.993819 1b7c             Options.db_host_id: __hostname__
2025/12/10-21:41:14.993823 1b7c             Options.enforce_single_del_contracts: true
2025/12/10-21:41:14.993827 1b7c             Options.max_background_jobs: 2
2025/12/10-21:41:14.993830 1b7c             Options.max_background_compactions: -1
2025/12/10-21:41:14.993834 1b7c             Options.max_subcompactions: 1
2025/12/10-21:41:14.993838 1b7c             Options.avoid_flush_during_shutdown: 0
2025/12/10-21:41:14.993842 1b7c           Options.writable_file_max_buffer_size: 1048576
2025/12/10-21:41:14.993846 1b7c             Options.delayed_write_rate : 16777216
2025/12/10-21:41:14.993849 1b7c             Options.max_total_wal_size: 0
2025/12/10-21:41:14.993853 1b7c             Options.delete_obsolete_files_period_micros: 21600000000
2025/12/10-21:41:14.993857 1b7c                   Options.stats_dump_period_sec: 600
2025/12/10-21:41:14.993860 1b7c                 Options.stats_persist_period_sec: 600
2025/12/10-21:41:14.993864 1b7c                 Options.stats_history_buffer_size: 1048576
2025/12/10-21:41:14.993868 1b7c                          Options.max_open_files: -1
2025/12/10-21:41:14.993872 1b7c                          Options.bytes_per_sync: 0
2025/12/10-21:41:14.993875 1b7c                      Options.wal_bytes_per_sync: 0
2025/12/10-21:41:14.993879 1b7c                   Options.strict_bytes_per_sync: 0
2025/12/10-21:41:14.993883 1b7c       Options.compaction_readahead_size: 0
2025/12/10-21:41:14.993887 1b7c                  Options.max_background_flushes: -1
2025/12/10-21:41:14.993890 1b7c Compression algorithms supported:
2025/12/10-21:41:14.993898 1b7c 	kZSTD supported: 1
2025/12/10-21:41:14.993902 1b7c 	kSnappyCompression supported: 1
2025/12/10-21:41:14.993906 1b7c 	kBZip2Compression supported: 1
2025/12/10-21:41:14.993910 1b7c 	kZlibCompression supported: 1
2025/12/10-21:41:14.993914 1b7c 	kLZ4Compression supported: 1
2025/12/10-21:41:14.993918 1b7c 	kXpressCompression supported: 0
2025/12/10-21:41:14.993921 1b7c 	kLZ4HCCompression supported: 1
2025/12/10-21:41:14.993925 1b7c 	kZSTDNotFinalCompression supported: 1
2025/12/10-21:41:14.993953 1b7c Fast CRC32 supported: Not supported on x86
2025/12/10-21:41:14.993959 1b7c DMutex implementation: std::mutex
2025/12/10-21:41:14.995010 1b7c [c:5662] Recovering from manifest file: compass_db/MANIFEST-000033
2025/12/10-21:41:14.995386 1b7c [db/column_family.cc:621] --------------- Options for column family [default]:
2025/12/10-21:41:14.995399 1b7c               Options.comparator: leveldb.BytewiseComparator
2025/12/10-21:41:14.995405 1b7c           Options.merge_operator: None
2025/12/10-21:41:14.995409 1b7c        Options.compaction_filter: None
2025/12/10-21:41:14.995413 1b7c        Options.compaction_filter_factory: None
2025/12/10-21:41:14.995417 1b7c  Options.sst_partitioner_factory: None
2025/12/10-21:41:14.995420 1b7c         Options.memtable_factory: SkipListFactory
2025/12/10-21:41:14.995424 1b7c            Options.table_factory: BlockBasedTable
2025/12/10-21:41:14.995464 1b7c            table_factory options:   flush_block_policy_factory: FlushBlockBySizePolicyFactory (0000022C5BCE6F60)
  cache_index_and_filter_blocks: 0
  cache_index_and_filter_blocks_with_high_priority: 1
  pin_l0_filter_and_index_blocks_in_cache: 0
  pin_top_level_index_and_filter: 1
  index_type: 0
  data_block_index_type: 0
  index_shortening: 1
  data_block_hash_table_util_ratio: 0.750000
  checksum: 4
  no_block_cache: 0
  block_cache: 0000022C5BD1D5B0
  block_cache_name: LRUCache
  block_cache_options:
    capacity : 8388608
    num_shard_bits : 4
    strict_capacity_limit : 0
    memory_allocator : None
    high_pri_pool_ratio: 0.000
    low_pri_pool_ratio: 0.000
  persistent_cache: 0000000000000000
  block_size: 4096
  block_size_deviation: 10
  block_restart_interval: 16
  index_block_restart_interval: 1
  metadata_block_size: 4096
  partition_filters: 0
  use_delta_encoding: 1
  filter_policy: nullptr
  whole_key_filtering: 1
  verify_compression: 0
  read_amp_bytes_per_bit: 0
  format_version: 5
  enable_index_compression: 1
  block_align: 0
  max_auto_readahead_size: 262144
  prepopulate_block_cache: 0
  initial_auto_readahead_size: 8192
  num_file_reads_for_auto_readahead: 2
2025/12/10-21:41:14.995469 1b7c        Options.write_buffer_size: 67108864
2025/12/10-21:41:14.995473 1b7c  Options.max_write_buffer_number: 2
2025/12/10-21:41:14.995479 1b7c          Options.compression: Snappy
2025/12/10-21:41:14.995483 1b7c                  Options.bottommost_compression: Disabled
2025/12/10-21:41:14.995487 1b7c       Options.prefix_extractor: nullptr
2025/12/10-21:41:14.995491 1b7c   Options.memtable_insert_with_hint_prefix_extractor: nullptr
2025/12/10-21:41:14.995494 1b7c             Options.num_levels: 7
2025/12/10-21:41:14.995498 1b7c        Options.min_write_buffer_number_to_merge: 1
2025/12/10-21:41:14.995502 1b7c     Options.max_write_buffer_number_to_maintain: 0
2025/12/10-21:41:14.995506 1b7c     Options.max_write_buffer_size_to_maintain: 0
2025/12/10-21:41:14.995510 1b7c            Options.bottommost_compression_opts.window_bits: -14
2025/12/10-21:41:14.995513 1b7c                  Options.bottommost_compression_opts.level: 32767
2025/12/10-21:41:14.995517 1b7c               Options.bottommost_compression_opts.strategy: 0
2025/12/10-21:41:14.995521 1b7c         Options.bottommost_compression_opts.max_dict_bytes: 0
2025/12/10-21:41:14.995525 1b7c         Options.bottommost_compression_opts.zstd_max_train_bytes: 0
2025/12/10-21:41:14.995529 1b7c         Options.bottommost_compression_opts.parallel_threads: 1
2025/12/10-21:41:14.995532 1b7c                  Options.bottommost_compression_opts.enabled: false
2025/12/10-21:41:14.995536 1b7c         Options.bottommost_compression_opts.max_dict_buffer_bytes: 0
2025/12/10-21:41:14.995540 1b7c         Options.bottommost_compression_opts.use_zstd_dict_trainer: true
2025/12/10-21:41:14.995544 1b7c            Options.compression_opts.window_bits: -14
2025/12/10-21:41:14.995547 1b7c                  Options.compression_opts.level: 32767
2025/12/10-21:41:14.995551 1b7c               Options.compression_opts.strategy: 0
2025/12/10-21:41:14.995555 1b7c         Options.compression_opts.max_dict_bytes: 0
2025/12/10-21:41:14.995561 1b7c         Options.compression_opts.zstd_max_train_bytes: 0
2025/12/10-21:41:14.995566 1b7c         Options.compression_opts.use_zstd_dict_trainer: true
2025/12/10-21:41:14.995570 1b7c         Options.compression_opts.parallel_threads: 1
2025/12/10-21:41:14.995574 1b7c                  Options.compression_opts.enabled: false
2025/12/10-21:41:14.995577 1b7c         Options.compression_opts.max_dict_buffer_bytes: 0
2025/12/10-21:41:14.995581 1b7c      Options.level0_file_num_compaction_trigger: 4
2025/12/10-21:41:14.995585 1b7c          Options.level0_slowdown_writes_trigger: 20
2025/12/10-21:41:14.995589 1b7c              Options.level0_stop_writes_trigger: 36
2025/12/10-21:41:14.995593 1b7c                   Options.target_file_size_base: 67108864
2025/12/10-21:41:14.995596 1b7c             Options.target_file_size_multiplier: 1
2025/12/10-21:41:14.995600 1b7c                Options.max_bytes_for_level_base: 268435456
2025/12/10-21:41:14.995606 1b7c Options.level_compaction_dynamic_level_bytes: 0
2025/12/10-21:41:14.995609 1b7c          Options.max_bytes_for_level_multiplier: 10.000000
2025/12/10-21:41:14.995614 1b7c Options.max_bytes_for_level_multiplier_addtl[0]: 1
2025/12/10-21:41:14.995618 1b7c Options.max_bytes_for_level_multiplier_addtl[1]: 1
2025/12/10-21:41:14.995621 1b7c Options.max_bytes_for_level_multiplier_addtl[2]: 1
2025/12/10-21:41:14.995625 1b7c Options.max_bytes_for_level_multiplier_addtl[3]: 1
2025/12/10-21:41:14.995629 1b7c Options.max_bytes_for_level_multiplier_addtl[4]: 1
2025/12/10-21:41:14.995633 1b7c Options.max_bytes_for_level_multiplier_addtl[5]: 1
2025/12/10-21:41:14.995636 1b7c Options.max_bytes_for_level_multiplier_addtl[6]: 1
2025/12/10-21:41:14.995640 1b7c       Options.max_sequential_skip_in_iterations: 8
2025/12/10-21:41:14.995644 1b7c                    Options.max_compaction_bytes: 1677721600
2025/12/10-21:41:14.995647 1b7c   Options.ignore_max_compaction_bytes_for_input: true
2025/12/10-21:41:14.995651 1b7c                        Options.arena_block_size: 1048576
2025/12/10-21:41:14.995655 1b7c   Options.soft_pending_compaction_bytes_limit: 68719476736
2025/12/10-21:41:14.995658 1b7c   Options.hard_pending_compaction_bytes_limit: 274877906944
2025/12/10-21:41:14.995662 1b7c                Options.disable_auto_compactions: 0
2025/12/10-21:41:14.995667 1b7c                        Options.compaction_style: kCompactionStyleLevel
2025/12/10-21:41:14.995673 1b7c                          Options.compaction_pri: kMinOverlappingRatio
2025/12/10-21:41:14.995676 1b7c Options.compaction_options_universal.size_ratio: 1
2025/12/10-21:41:14.995680 1b7c Options.compaction_options_universal.min_merge_width: 2
2025/12/10-21:41:14.995684 1b7c Options.compaction_options_universal.max_merge_width: 4294967295
2025/12/10-21:41:14.995688 1b7c Options.compaction_options_universal.max_size_amplification_percent: 200
2025/12/10-21:41:14.995692 1b7c Options.compaction_options_universal.compression_size_percent: -1
2025/12/10-21:41:14.995696 1b7c Options.compaction_options_universal.stop_style: kCompactionStopStyleTotalSize
2025/12/10-21:41:14.995700 1b7c Options.compaction_options_fifo.max_table_files_size: 1073741824
2025/12/10-21:41:14.995704 1b7c Options.compaction_options_fifo.allow_compaction: 0
2025/12/10-21:41:14.995711 1b7c                   Options.table_properties_collectors: 
2025/12/10-21:41:14.995715 1b7c                   Options.inplace_update_support: 0
2025/12/10-21:41:14.995719 1b7c                 Options.inplace_update_num_locks: 10000
2025/12/10-21:41:14.995723 1b7c               Options.memtable_prefix_bloom_size_ratio: 0.000000
2025/12/10-21:41:14.995727 1b7c               Options.memtable_whole_key_filtering: 0
2025/12/10-21:41:14.995731 1b7c   Options.memtable_huge_page_size: 0
2025/12/10-21:41:14.995734 1b7c                           Options.bloom_locality: 0
2025/12/10-21:41:14.995738 1b7c                    Options.max_successive_merges: 0
2025/12/10-21:41:14.995742 1b7c                Options.optimize_filters_for_hits: 0
2025/12/10-21:41:14.995773 1b7c                Options.paranoid_file_checks: 0
2025/12/10-21:41:14.995780 1b7c                Options.force_consistency_checks: 1
2025/12/10-21:41:14.995784 1b7c                Options.report_bg_io_stats: 0
2025/12/10-21:41:14.995787 1b7c                               Options.ttl: 2592000
2025/12/10-21:41:14.995791 1b7c          Options.periodic_compaction_seconds: 0
2025/12/10-21:41:14.995795 1b7c  Options.preclude_last_level_data_seconds: 0
2025/12/10-21:41:14.995799 1b7c    Options.preserve_internal_time_seconds: 0
2025/12/10-21:41:14.995803 1b7c                       Options.enable_blob_files: false
2025/12/10-21:41:14.995806 1b7c                           Options.min_blob_size: 0
2025/12/10-21:41:14.995810 1b7c                          Options.blob_file_size: 268435456
2025/12/10-21:41:14.995814 1b7c                   Options.blob_compression_type: NoCompression
2025/12/10-21:41:14.995818 1b7c          Options.enable_blob_garbage_collection: false
2025/12/10-21:41:14.995822 1b7c      Options.blob_garbage_collection_age_cutoff: 0.250000
2025/12/10-21:41:14.995826 1b7c Options.blob_garbage_collection_force_threshold: 1.000000
2025/12/10-21:41:14.995830 1b7c          Options.blob_compaction_readahead_size: 0
2025/12/10-21:41:14.995834 1b7c                Options.blob_file_starting_level: 0
2025/12/10-21:41:14.995838 1b7c Options.experimental_mempurge_threshold: 0.000000
2025/12/10-21:41:14.997533 1b7c [e_number is %llu, next_file_number is %llu, last_sequence is %llu, log_number is %llu,prev_log_number is %llu,max_column_family is %u,min_log_number_to_keep is %llu
:5713] Recovered from manifest file:compass_db/MANIFEST-000033 succeeded,manifest_file_number is 33, next_file_number is 35, last_sequence is 12306, log_number is 25,prev_log_number is 0,max_column_family is 0,min_log_number_to_keep is 25
2025/12/10-21:41:14.997547 1b7c [ocate MANIFEST file in :5722] Column family [default] (ID 0), log number is 25
2025/12/10-21:41:14.997831 1b7c [ new Db, wal_dir contains existing log file: :537] DB ID: fd8c287f-d60a-11f0-81cc-fc221c1030ea
2025/12/10-21:41:14.999195 1b7c EVENT_LOG_v1 {"time_micros": 1765402874999174, "job": 1, "event": "recovery_started", "wal_files": [32]}
2025/12/10-21:41:14.999212 1b7c [rocksdb/db/db_impl/db_impl_open.cc:1031] Recovering log #32 mode 2
2025/12/10-21:41:15.009756 1b7c EVENT_LOG_v1 {"time_micros": 1765402875009710, "cf_name": "default", "job": 1, "event": "table_file_creation", "file_number": 36, "file_size": 124414, "file_checksum": "", "file_checksum_func_name": "Unknown", "smallest_seqno": 12307, "largest_seqno": 13131, "table_properties": {"data_size": 122890, "index_size": 810, "index_partitions": 0, "top_level_index_size": 0, "index_key_is_user_key": 1, "index_value_is_delta_encoded": 1, "filter_size": 0, "raw_key_size": 26698, "raw_average_key_size": 48, "raw_value_size": 133172, "raw_average_value_size": 241, "num_data_blocks": 41, "num_entries": 551, "num_filter_entries": 0, "num_deletions": 0, "num_merge_operands": 0, "num_range_deletions": 0, "format_version": 0, "fixed_key_len": 0, "filter_policy": "", "column_family_name": "default", "column_family_id": 0, "comparator": "leveldb.BytewiseComparator", "merge_operator": "nullptr", "prefix_extractor_name": "nullptr", "property_collectors": "[]", "compression": "Snappy", "compression_options": "window_bits=-14; level=32767; strategy=0; max_dict_bytes=0; zstd_max_train_bytes=0; enabled=0; max_dict_buffer_bytes=0; use_zstd_dict_trainer=1; ", "creation_time": 1765402875, "oldest_key_time": 0, "file_creation_time": 0, "slow_compression_estimated_data_size": 0, "fast_compression_estimated_data_size": 0, "db_id": "fd8c287f-d60a-11f0-81cc-fc221c1030ea", "db_session_id": "K9YSH2XP9YWDT77J0F3J", "orig_file_number": 36, "seqno_to_time_mapping": "N/A"}}
2025/12/10-21:41:15.011443 1b7c EVENT_LOG_v1 {"time_micros": 1765402875011430, "job": 1, "event": "recovery_finished"}
2025/12/10-21:41:15.012208 1b7c [rocksdb/db/version_set.cc:5180] Creating manifest 38
2025/12/10-21:41:15.025232 1b7c [tal_trash_size %llu max_trash_db_ratio %lf:77] Deleted file compass_db/000032.log immediately, rate_bytes_per_sec 0, total_trash_size 0 max_trash_db_ratio 0.250000
2025/12/10-21:41:15.025312 1b7c [DB::Open() failed --- Unable to persist Options file:1977] SstFileManager instance 0000022C5BD24F50
2025/12/10-21:41:15.026313 1b7c DB pointer 0000022C5BD20E40
2025/12/10-21:41:15.026849 23cc [[%s:1086] %s:1085] ------- DUMPING STATS -------
2025/12/10-21:41:15.026870 23cc [ STATS -------:1086] 
** DB Stats **
Uptime(secs): 0.0 total, 0.0 interval
Cumulative writes: 0 writes, 0 keys, 0 commit groups, 0.0 writes per commit group, ingest: 0.00 GB, 0.00 MB/s
Cumulative WAL: 0 writes, 0 syncs, 0.00 writes per sync, written: 0.00 GB, 0.00 MB/s
Cumulative stall: 00:00:0.000 H:M:S, 0.0 percent
Interval writes: 0 writes, 0 keys, 0 commit groups, 0.0 writes per commit group, ingest: 0.00 MB, 0.00 MB/s
Interval WAL: 0 writes, 0 syncs, 0.00 writes per sync, written: 0.00 GB, 0.00 MB/s
Interval stall: 00:00:0.000 H:M:S, 0.0 percent
Write Stall (count): write-buffer-manager-limit-stops: 0, 
** Compaction Stats [default] **
Level    Files   Size     Score Read(GB)  Rn(GB) Rnp1(GB) Write(GB) Wnew(GB) Moved(GB) W-Amp Rd(MB/s) Wr(MB/s) Comp(sec) CompMergeCPU(sec) Comp(cnt) Avg(sec) KeyIn KeyDrop Rblob(GB) Wblob(GB)
------------------------------------------------------------------------------------------------------------------------------------------------------------------------------------------------
  L0      2/0   165.78 KB   0.5      0.0     0.0      0.0       0.0      0.0       0.0   1.0      0.0     24.2      0.00              0.00         1    0.005       0      0       0.0       0.0
  L1      1/0    1.71 MB   0.0      0.0     0.0      0.0       0.0      0.0       0.0   0.0      0.0      0.0      0.00              0.00         0    0.000       0      0       0.0       0.0
 Sum      3/0    1.87 MB   0.0      0.0     0.0      0.0       0.0      0.0       0.0   1.0      0.0     24.2      0.00              0.00         1    0.005       0      0       0.0       0.0
 Int      0/0    0.00 KB   0.0      0.0     0.0      0.0       0.0      0.0       0.0   1.0      0.0     24.2      0.00              0.00         1    0.005       0      0       0.0       0.0

** Compaction Stats [default] **
Priority    Files   Size     Score Read(GB)  Rn(GB) Rnp1(GB) Write(GB) Wnew(GB) Moved(GB) W-Amp Rd(MB/s) Wr(MB/s) Comp(sec) CompMergeCPU(sec) Comp(cnt) Avg(sec) KeyIn KeyDrop Rblob(GB) Wblob(GB)
---------------------------------------------------------------------------------------------------------------------------------------------------------------------------------------------------
User      0/0    0.00 KB   0.0      0.0     0.0      0.0       0.0      0.0       0.0   0.0      0.0     24.2      0.00              0.00         1    0.005       0      0       0.0       0.0

Blob file count: 0, total size: 0.0 GB, garbage size: 0.0 GB, space amp: 0.0

Uptime(secs): 0.0 total, 0.0 interval
Flush(GB): cumulative 0.000, interval 0.000
AddFile(GB): cumulative 0.000, interval 0.000
AddFile(Total Files): cumulative 0, interval 0
AddFile(L0 Files): cumulative 0, interval 0
AddFile(Keys): cumulative 0, interval 0
Cumulative compaction: 0.00 GB write, 3.77 MB/s write, 0.00 GB read, 0.00 MB/s read, 0.0 seconds
Interval compaction: 0.00 GB write, 3.77 MB/s write, 0.00 GB read, 0.00 MB/s read, 0.0 seconds
Write Stall (count): cf-l0-file-count-limit-delays-with-ongoing-compaction: 0, cf-l0-file-count-limit-stops-with-ongoing-compaction: 0, l0-file-count-limit-delays: 0, l0-file-count-limit-stops: 0, memtable-limit-delays: 0, memtable-limit-stops: 0, pending-compaction-bytes-delays: 0, pending-compaction-bytes-stops: 0, total-delays: 0, total-stops: 0, Block cache LRUCache@0000022C5BD1D5B0#12420 capacity: 8.00 MB usage: 0.08 KB table_size: 256 occupancy: 87 collections: 1 last_copies: 0 last_secs: 5.3e-05 secs_since: 0
Block cache entry stats(count,size,portion): Misc(1,0.00 KB,0%)

** File Read Latency Histogram By Level [default] **
